{
 "cells": [
  {
   "cell_type": "code",
   "execution_count": 2,
   "id": "020546e4-c793-4668-acd3-dfd45b6bd378",
   "metadata": {},
   "outputs": [
    {
     "name": "stdout",
     "output_type": "stream",
     "text": [
      "Matrix A:\n",
      "[[ 6.08937744e+02  5.12602626e+00  9.76598905e-02 ...  1.71214897e+01\n",
      "  -1.53446471e+01 -3.45082689e-01]\n",
      " [ 5.12602626e+00  6.11461006e+02  6.88657350e-01 ... -2.31856800e+01\n",
      "   1.22202991e+01 -5.32166114e+00]\n",
      " [ 9.76598905e-02  6.88657350e-01  5.99194677e+02 ... -2.05518122e+01\n",
      "  -4.91990271e+01  2.46221282e+01]\n",
      " ...\n",
      " [ 1.71214897e+01 -2.31856800e+01 -2.05518122e+01 ...  6.26037614e+02\n",
      "   1.57582343e+01  9.07019489e+00]\n",
      " [-1.53446471e+01  1.22202991e+01 -4.91990271e+01 ...  1.57582343e+01\n",
      "   6.09442784e+02 -1.17798583e+01]\n",
      " [-3.45082689e-01 -5.32166114e+00  2.46221282e+01 ...  9.07019489e+00\n",
      "  -1.17798583e+01  5.65465291e+02]]\n",
      "\n",
      "Lower triangular matrix L from right-looking Cholesky factorization:\n",
      "[[ 2.46766640e+01  0.00000000e+00  0.00000000e+00 ...  0.00000000e+00\n",
      "   0.00000000e+00  0.00000000e+00]\n",
      " [ 2.07727684e-01  2.47268650e+01  0.00000000e+00 ...  0.00000000e+00\n",
      "   0.00000000e+00  0.00000000e+00]\n",
      " [ 3.95758076e-03  2.78173254e-02  2.44784372e+01 ...  0.00000000e+00\n",
      "   0.00000000e+00  0.00000000e+00]\n",
      " ...\n",
      " [ 6.93833239e-01 -9.43500455e-01 -8.38628395e-01 ...  2.22272943e+01\n",
      "   0.00000000e+00  0.00000000e+00]\n",
      " [-6.21828264e-01  4.99435330e-01 -2.01035952e+00 ...  3.09864177e-01\n",
      "   2.22969759e+01  0.00000000e+00]\n",
      " [-1.39841710e-02 -2.15100306e-01  1.00611680e+00 ...  2.58094251e-01\n",
      "  -2.28762203e-01  2.17578649e+01]]\n",
      "\n",
      "Reconstructed matrix A (L @ L.T):\n",
      "[[ 6.08937744e+02  5.12602626e+00  9.76598905e-02 ...  1.71214897e+01\n",
      "  -1.53446471e+01 -3.45082689e-01]\n",
      " [ 5.12602626e+00  6.11461006e+02  6.88657350e-01 ... -2.31856800e+01\n",
      "   1.22202991e+01 -5.32166114e+00]\n",
      " [ 9.76598905e-02  6.88657350e-01  5.99194677e+02 ... -2.05518122e+01\n",
      "  -4.91990271e+01  2.46221282e+01]\n",
      " ...\n",
      " [ 1.71214897e+01 -2.31856800e+01 -2.05518122e+01 ...  6.26037614e+02\n",
      "   1.57582343e+01  9.07019489e+00]\n",
      " [-1.53446471e+01  1.22202991e+01 -4.91990271e+01 ...  1.57582343e+01\n",
      "   6.09442784e+02 -1.17798583e+01]\n",
      " [-3.45082689e-01 -5.32166114e+00  2.46221282e+01 ...  9.07019489e+00\n",
      "  -1.17798583e+01  5.65465291e+02]]\n",
      "\n",
      "Norm of the error:\n",
      "1.4591172631550582e-12\n"
     ]
    }
   ],
   "source": [
    "import numpy as np\n",
    "\n",
    "def right_looking_cholesky(A):\n",
    "    n = A.shape[0]\n",
    "    L = np.zeros_like(A)\n",
    "\n",
    "    for k in range(n):\n",
    "        L[k, k] = np.sqrt(A[k, k] - np.sum(L[k, :k] ** 2))\n",
    "        for i in range(k + 1, n):\n",
    "            L[i, k] = (A[i, k] - np.sum(L[i, :k] * L[k, :k])) / L[k, k]\n",
    "    \n",
    "    return L\n",
    "\n",
    "# Generate a random positive-definite matrix\n",
    "def generate_positive_definite_matrix(n):\n",
    "    B = np.random.randn(n, n)\n",
    "    A = np.dot(B, B.T)\n",
    "    for i in range(n):\n",
    "        A[i,i] += n\n",
    "    return A\n",
    "\n",
    "n = 306\n",
    "A = generate_positive_definite_matrix(n)\n",
    "\n",
    "print(\"Matrix A:\")\n",
    "print(A)\n",
    "\n",
    "# Perform right-looking Cholesky factorization\n",
    "L = right_looking_cholesky(A)\n",
    "\n",
    "print(\"\\nLower triangular matrix L from right-looking Cholesky factorization:\")\n",
    "print(L)\n",
    "\n",
    "# Reconstruct the matrix A from L\n",
    "A_reconstructed = np.dot(L, L.T)\n",
    "\n",
    "print(\"\\nReconstructed matrix A (L @ L.T):\")\n",
    "print(A_reconstructed)\n",
    "\n",
    "# Compute the norm of the error\n",
    "error = A - A_reconstructed\n",
    "error_norm = np.linalg.norm(error)\n",
    "\n",
    "print(\"\\nNorm of the error:\")\n",
    "print(error_norm)\n"
   ]
  },
  {
   "cell_type": "code",
   "execution_count": null,
   "id": "be068ea3-9b56-4d63-9b6d-d14d385740e7",
   "metadata": {},
   "outputs": [],
   "source": []
  }
 ],
 "metadata": {
  "kernelspec": {
   "display_name": "Python 3 (ipykernel)",
   "language": "python",
   "name": "python3"
  },
  "language_info": {
   "codemirror_mode": {
    "name": "ipython",
    "version": 3
   },
   "file_extension": ".py",
   "mimetype": "text/x-python",
   "name": "python",
   "nbconvert_exporter": "python",
   "pygments_lexer": "ipython3",
   "version": "3.12.3"
  }
 },
 "nbformat": 4,
 "nbformat_minor": 5
}
